Reacoes de apoio [N]
[-604.79464494 -976.02677527]

Deslocamentos [m]
[[ 1.41092267e-01]
 [ 0.00000000e+00]
 [ 1.41104171e-01]
 [-4.84752342e-06]
 [ 1.41122991e-01]
 [ 0.00000000e+00]
 [ 1.41124679e-01]
 [-1.20474597e-05]
 [ 1.41145993e-01]
 [-1.21901574e-05]
 [ 1.41193612e-01]
 [-3.27784799e-06]]

Deformacoes []
[ 2.38095238e-05  3.76386052e-05  2.03644950e-05 -1.43998725e-05
  3.44789720e-05 -2.43803149e-05  6.73435030e-05  4.26288264e-05
  9.52380952e-05]

Forcas internas [N]
[ 2.50000000e+10  3.95205355e+10  2.13827197e+10 -1.51198661e+10
  3.62029205e+10 -2.55993306e+10  7.07106781e+10  4.47602678e+10
  1.00000000e+11]

Tensoes internas [Pa]
[ 5000000.00000278  7904107.10109435  4276543.94665663 -3023973.22472405
  7240584.10956954 -5119866.12362888 14142135.62373242  8952053.55056161
 19999999.99999946]