Reacoes de apoio [N]
[  142.85714286   428.57142857  -142.85714286 -1428.57142857]

Deslocamentos [m]
[[ 0.00000000e+00]
 [ 0.00000000e+00]
 [ 0.00000000e+00]
 [ 0.00000000e+00]
 [-6.68399189e-05]
 [-5.95238095e-06]
 [-6.20780142e-05]
 [ 4.07328843e-05]
 [-1.86888520e-04]
 [-5.95238095e-06]
 [-1.86888520e-04]
 [ 9.72603444e-05]]

Deformacoes []
[ 0.00000000e+00 -5.95238095e-06 -5.44483354e-06  3.41832504e-05
  5.95238095e-06  0.00000000e+00 -8.41793787e-06  3.03513066e-05
  0.00000000e+00]

Forcas internas [N]
[   0.         -250.         -228.68300848 1435.6965173   250.
    0.         -353.55339059 1274.7548784     0.        ]

Tensoes internas [Pa]
[[       0.        ]
 [-1249999.99999999]
 [-1143415.04239871]
 [ 7178482.5865149 ]
 [ 1249999.99999999]
 [       0.        ]
 [-1767766.95296635]
 [ 6373774.39199097]
 [       0.        ]]