Reacoes de apoio [N]
[ -3211.20459612 -23069.11120033 -43144.02889335  95495.3913877
 -20788.79540388  30717.74870599]

Deslocamentos [m]
[[ 0.00000000e+00]
 [ 0.00000000e+00]
 [-1.41842190e-05]
 [ 0.00000000e+00]
 [-7.09210950e-06]
 [ 0.00000000e+00]
 [ 0.00000000e+00]
 [ 0.00000000e+00]
 [-5.48684924e-06]
 [ 5.20934920e-05]
 [-6.15176981e-06]
 [-6.82109938e-05]
 [ 2.83304959e-04]
 [ 1.03522063e-04]
 [ 2.74733530e-04]
 [-1.79639565e-04]
 [ 2.57590673e-04]
 [-8.50952090e-04]
 [ 2.40447816e-04]
 [-1.52018484e-03]
 [ 7.66907527e-04]
 [ 1.54950635e-04]
 [ 8.14050384e-04]
 [-1.88210994e-04]
 [ 8.61193242e-04]
 [-8.50952090e-04]
 [ 8.61193242e-04]
 [-1.53732770e-03]]

Deformacoes []
[-4.72807300e-06  7.76777379e-06  2.36403650e-06  1.73644973e-05
 -1.00297574e-05  2.36403650e-06 -2.27369979e-05 -1.03432040e-05
 -2.21640190e-07  1.71428571e-05  8.08122036e-06 -3.71428571e-05
 -2.85714286e-06  1.71428571e-05 -5.71428571e-06 -2.62639662e-05
 -2.85714286e-06 -1.41421356e-05 -5.71428571e-06  0.00000000e+00
  8.08122036e-06 -5.71428571e-06  1.57142857e-05  1.57142857e-05
  0.00000000e+00]

Forcas internas [N]
1

Tensoes internas [Pa]
[ -992895.33021048  1631232.4965698    496447.66510524  3646544.43998345
 -2106249.06300085   496447.66510524 -4774769.56938477 -2172072.84127868
   -46544.43998357  3599999.99999988  1697056.27484762 -7799999.99999977
  -600000.          3599999.99999988 -1199999.99999997 -5515432.8932549
  -600000.         -2969848.48098344 -1199999.99999997        0.
  1697056.27484767 -1199999.99999999  3299999.99999989  3299999.9999999
        0.        ]