Reacoes de apoio [N]
[ -3211.20459612 -23069.11120033 -43144.02889335  95495.3913877
 -20788.79540388  30717.74870599]

Deslocamentos [m]
[[ 0.00000000e+00]
 [ 0.00000000e+00]
 [-1.41842190e-05]
 [ 0.00000000e+00]
 [-7.09210950e-06]
 [ 0.00000000e+00]
 [ 0.00000000e+00]
 [ 0.00000000e+00]
 [-5.48684924e-06]
 [ 5.20934920e-05]
 [-6.15176981e-06]
 [-6.82109938e-05]
 [ 2.83304959e-04]
 [ 1.03522063e-04]
 [ 2.74733530e-04]
 [-1.79639565e-04]
 [ 2.57590673e-04]
 [-8.50952090e-04]
 [ 2.40447816e-04]
 [-1.52018484e-03]
 [ 7.66907527e-04]
 [ 1.54950635e-04]
 [ 8.14050384e-04]
 [-1.88210994e-04]
 [ 8.61193242e-04]
 [-8.50952090e-04]
 [ 8.61193242e-04]
 [-1.53732770e-03]]

Deformacoes []
[-4.72807300e-06  7.76777379e-06  2.36403650e-06  1.73644973e-05
 -1.00297574e-05  2.36403650e-06 -2.27369979e-05 -1.03432040e-05
 -2.21640190e-07  1.71428571e-05  8.08122036e-06 -3.71428571e-05
 -2.85714286e-06  1.71428571e-05 -5.71428571e-06 -2.62639662e-05
 -2.85714286e-06 -1.41421356e-05 -5.71428571e-06  0.00000000e+00
  8.08122036e-06 -5.71428571e-06  1.57142857e-05  1.57142857e-05
  0.00000000e+00]

Forcas internas [N]
[       0.                0.           -59573.71981263        0.
   -29786.85990631        0.                0.                0.
   -23044.76681063   218792.66639901   -25837.43320964  -286486.17416309
  1189880.82673316   434792.666399    1153880.82673316  -754486.17416307
  1081880.82673317 -3573998.77963373  1009880.82673317 -6384776.32036808
  3221011.61448582   650792.66639899  3419011.61448581  -790486.17416307
  3617011.6144858 ]

Tensoes internas [Pa]
[ 0.00000000e+00  0.00000000e+00 -2.97868599e+06  0.00000000e+00
 -1.48934300e+06  0.00000000e+00  0.00000000e+00  0.00000000e+00
 -1.15223834e+06  1.09396333e+07 -1.29187166e+06 -1.43243087e+07
  5.94940413e+07  2.17396333e+07  5.76940413e+07 -3.77243087e+07
  5.40940413e+07 -1.78699939e+08  5.04940413e+07 -3.19238816e+08
  1.61050581e+08  3.25396333e+07  1.70950581e+08 -3.95243087e+07
  1.80850581e+08]