Reacoes de apoio [N]
[[ 98.14763451]
 [405.59799847]
 [387.53599294]
 [ 51.85236549]]

Deslocamentos [m]
[[-0.01247251]
 [ 0.        ]
 [-0.00290394]
 [-0.02956809]
 [ 0.00546689]
 [-0.06115277]
 [ 0.01421257]
 [-0.08419667]
 [ 0.01852352]
 [-0.10480199]
 [ 0.02412842]
 [-0.13926468]
 [ 0.01790152]
 [-0.1336562 ]
 [ 0.00144904]
 [-0.22652285]
 [ 0.02496914]
 [-0.13511439]
 [ 0.03071814]
 [-0.10934843]
 [ 0.04489325]
 [-0.07737209]
 [ 0.07565054]
 [-0.02825137]
 [ 0.095055  ]
 [ 0.        ]
 [-0.00554334]
 [ 0.        ]
 [-0.02956809]
 [-0.03053071]
 [-0.00327711]
 [-0.07912944]
 [-0.00465348]
 [-0.10448048]
 [ 0.01252783]
 [-0.12274824]
 [ 0.01710522]
 [-0.15350801]
 [ 0.02239046]
 [-0.15494995]
 [ 0.02730633]
 [-0.12204309]
 [ 0.08313088]
 [-0.1064316 ]
 [ 0.0877335 ]
 [-0.06119416]
 [ 0.09139425]
 [ 0.        ]
 [-0.02825137]
 [-0.08793053]
 [ 0.00244691]
 [-0.11209032]
 [ 0.00542664]
 [-0.13150521]
 [ 0.00754521]
 [-0.16243267]
 [ 0.02694012]
 [-0.17399298]
 [ 0.03322639]
 [-0.13276718]
 [ 0.03740926]
 [-0.11172455]]

Deformacoes []
[[-2.72400373e-04]
 [-2.70411549e-04]
 [-1.40476854e-04]
 [-1.39041934e-04]
 [-1.37883819e-04]
 [-1.37355315e-04]
 [-1.37355315e-04]
 [-1.75959057e-04]
 [-1.67256986e-04]
 [-1.64691433e-04]
 [-1.42861094e-04]
 [-1.43911810e-04]
 [ 1.79978468e-04]
 [-6.24019670e-04]
 [ 6.33517601e-04]
 [-3.37757539e-05]
 [ 4.21627017e-04]
 [ 1.14434811e-04]
 [ 1.32131155e-04]
 [ 1.20634806e-04]
 [ 1.36992761e-03]
 [ 1.10906448e-04]
 [ 9.50844036e-05]
 [ 9.50844036e-05]
 [-8.12488206e-04]
 [ 7.53332071e-04]
 [ 7.31223448e-05]
 [ 5.29641929e-05]
 [ 4.84872596e-04]
 [ 1.54264445e-04]
 [ 1.02647081e-04]
 [ 1.80337145e-04]
 [-6.75996664e-04]
 [-4.08294160e-04]
 [-1.17347870e-04]
 [-1.01464548e-04]
 [-1.16759597e-04]
 [-1.18995540e-04]
 [-2.53907097e-04]
 [-1.42987848e-04]
 [-7.05726989e-05]
 [-2.15705840e-04]
 [-6.45893322e-04]
 [ 1.13793779e-04]
 [ 1.29570476e-04]
 [-1.10356900e-04]
 [ 3.83686241e-04]
 [-7.47091368e-04]
 [-4.17281677e-05]
 [ 7.24151493e-05]
 [-2.89937647e-04]
 [ 1.34114692e-04]
 [ 3.02359735e-04]
 [ 1.66101243e-04]
 [ 2.93059189e-04]
 [-1.58197578e-04]
 [ 2.88964919e-04]
 [ 1.62730670e-04]
 [ 8.06562213e-05]
 [ 2.87363101e-04]
 [ 1.59216007e-04]
 [ 2.00711688e-04]
 [ 1.47569279e-04]
 [-7.25901242e-04]
 [ 4.36635726e-04]
 [ 2.43391385e-04]]

Forcas internas [N]
[[-130.75217897]
 [-129.79754354]
 [ -67.42888992]
 [ -66.74012841]
 [ -66.18423313]
 [ -65.93055101]
 [ -65.93055101]
 [ -84.4603473 ]
 [ -80.2833535 ]
 [ -79.05188797]
 [ -68.57332529]
 [ -69.07766862]
 [  86.38966458]
 [-374.41180174]
 [ 380.11056086]
 [ -16.21236189]
 [  16.86508067]
 [  54.92870943]
 [  63.42295445]
 [  57.90470688]
 [  54.79710431]
 [  53.23509524]
 [  45.64051375]
 [  45.64051375]
 [-487.49292345]
 [ 451.99924241]
 [   2.92489379]
 [   2.11856772]
 [  19.39490384]
 [   6.1705778 ]
 [   4.10588323]
 [   7.2134858 ]
 [-405.59799847]
 [ -16.33176638]
 [ -56.32697747]
 [ -60.87872864]
 [ -70.05575844]
 [  -4.7598216 ]
 [ -10.15628389]
 [  -5.71951393]
 [  -2.82290796]
 [  -8.62823362]
 [-387.53599294]
 [   4.55175117]
 [   5.18281904]
 [ -66.21414013]
 [  15.34744966]
 [ -29.88365474]
 [  -1.66912671]
 [   2.89660597]
 [-139.1700707 ]
 [  64.37505199]
 [ 145.13267278]
 [  79.72859666]
 [  11.72236758]
 [  -6.3279031 ]
 [  11.55859675]
 [   6.50922678]
 [   3.22624885]
 [  11.49452406]
 [   6.36864029]
 [   8.02846751]
 [   5.90277115]
 [ -29.03604969]
 [  17.46542905]
 [   9.73565538]]

Tensoes internas [Pa]
[[-1089601.49139759]
 [-1081646.19615057]
 [ -561907.41596058]
 [ -556167.73673764]
 [ -551535.27610241]
 [ -549421.25841982]
 [ -549421.25841982]
 [ -703836.22751914]
 [ -669027.94584518]
 [ -658765.73307296]
 [ -571444.377425  ]
 [ -575647.23854155]
 [  719913.87146148]
 [-2496078.67828199]
 [ 2534070.40573321]
 [ -135103.0157098 ]
 [ 1686508.06748424]
 [  457739.2452344 ]
 [  528524.62045573]
 [  482539.22396414]
 [ 5479710.43081275]
 [  443625.79366065]
 [  380337.61459247]
 [  380337.61459247]
 [-3249952.82298426]
 [ 3013328.28271138]
 [  292489.37932702]
 [  211856.77165623]
 [ 1939490.38386426]
 [  617057.7795122 ]
 [  410588.32283092]
 [  721348.57958781]
 [-2703986.65648995]
 [-1633176.63819973]
 [ -469391.47891801]
 [ -405858.19092048]
 [ -467038.38961087]
 [ -475982.15959686]
 [-1015628.38877134]
 [ -571951.3928041 ]
 [ -282290.79557512]
 [ -862823.36180026]
 [-2583573.28624929]
 [  455175.11679104]
 [  518281.90387673]
 [ -441427.6008908 ]
 [ 1534744.96585873]
 [-2988365.4735026 ]
 [ -166912.67068106]
 [  289660.59722898]
 [-1159750.58920556]
 [  536458.76661145]
 [ 1209438.93982964]
 [  664404.9721315 ]
 [ 1172236.75784342]
 [ -632790.31030031]
 [ 1155859.67466153]
 [  650922.67813478]
 [  322624.88524306]
 [ 1149452.40591977]
 [  636864.02910576]
 [  802846.75145665]
 [  590277.11475396]
 [-2903604.96875979]
 [ 1746542.90481556]
 [  973565.53805265]]